44
39
33
34
37
35
36
38
741
739
658
737
736
659
735
733
660
661
682
663
662
681
680
678
673
676
674
675
677
679
683
684
699
698
685
215
212
213
587
586
207
209
208
214
686
697
695
687
692
691
688
689
690
693
694
696
700
701
730
728
727
726
724
702
703
705
704
706
708
707
709
711
710
712
715
713
714
716
719
717
718
720
722
721
723
725
729
731
732
734
879
877
845
846
847
848
852
850
849
199
198
197
206
200
204
201
192
194
193
202
203
205
851
853
857
855
854
856
858
862
860
859
861
863
867
865
864
191
185
189
186
180
182
181
187
188
190
866
868
872
870
869
871
873
874
875
876
878
738
740
43
40
42
41
